7,3144
8,3159
9,1083
10,2367
11,2563
12,2882
13,3354
14,3587
15,3856
16,3972
17,4096
18,4170
19,4201
20,4184
21,4077
22,4101
23,4133
24,4024
25,3878
26,3887
27,3777
28,3707
29,3782
30,3607
31,3486
32,3481
33,3359
34,3229
35,3186
36,3029
37,2914
38,2886
39,2762
40,2670
41,2562
42,2504
43,2528
44,2463
45,2418
46,2308
47,2144
48,2070
49,2052
50,1974
51,1817
52,1832
53,1848
54,1754
55,1671
56,1627
57,1600
58,1527
59,1453
60,1437
61,1436
62,1366
63,1262
64,1256
65,1225
66,1162
67,1131
68,1159
69,1122
70,1056
71,1042
72,1007
73,945
74,906
75,899
76,840
77,790
78,807
79,816
80,772
81,717
82,708
83,670
84,636
85,607
86,588
87,601
88,582
89,559
90,552
91,527
92,525
93,535
94,485
95,425
96,426
97,430
98,461
99,474
100,411
101,375
102,365
103,331
104,324
105,333
106,315
107,318
108,302
109,299
110,297
111,265
112,264
113,235
114,240
115,255
116,226
117,219
118,225
119,213
120,202
121,204
122,206
123,204
124,179
125,149
126,149
127,164
128,167
129,160
130,154
131,153
132,140
133,126
134,124
135,113
136,110
137,114
138,105
139,108
140,112
141,101
142,101
143,96
144,98
145,107
146,91
147,72
148,71
149,77
150,84
151,79
152,77
153,79
154,66
155,69
156,72
157,64
158,52
159,52
160,53
161,55
162,57
163,43
164,41
165,49
166,47
167,47
168,48
169,39
170,37
171,37
172,43
173,43
174,28
175,26
176,38
177,39
178,31
179,28
180,29
181,35
182,34
183,31
184,32
185,29
186,21
187,19
188,24
189,25
190,26
191,27
192,20
193,17
194,20
195,21
196,21
197,18
198,18
199,23
200,24
201,20
202,15
203,17
204,14
205,12
206,13
207,10
208,16
209,15
210,8
211,9
212,12
213,10
214,9
215,6
216,8
217,9
218,6
219,9
220,11
221,13
222,12
223,9
224,7
225,8
226,7
227,7
228,8
229,6
230,6
231,4
232,2
233,6
234,6
235,3
236,7
237,9
238,9
239,6
240,1
241,1
242,3
243,3
244,1
245,1
246,4
247,4
248,3
249,2
250,2
251,5
252,7
253,7
254,6
255,4
256,3
257,2
258,1
259,4
260,8
261,6
262,2
263,2
264,1
266,1
267,2
268,3
269,2
271,3
272,4
273,1
275,1
276,3
277,3
278,1
282,1
283,1
285,1
286,1
288,1
289,1
292,1
293,2
294,1
298,2
299,2
302,3
303,3
308,1
309,1
321,1
322,1
331,1
332,1
334,1
335,1
337,1
338,1
361,1
362,1
376,1
377,1


 now cross: 

8,3144
9,15
10,1068
11,1299
12,1264
13,1618
14,1736
15,1851
16,2005
17,1967
18,2129
19,2041
20,2160
21,2024
22,2053
23,2048
24,2085
25,1939
26,1939
27,1948
28,1829
29,1878
30,1904
31,1703
32,1783
33,1698
34,1661
35,1568
36,1618
37,1411
38,1503
39,1383
40,1379
41,1291
42,1271
43,1233
44,1295
45,1168
46,1250
47,1058
48,1086
49,984
50,1068
51,906
52,911
53,921
54,927
55,827
56,844
57,783
58,817
59,710
60,743
61,694
62,742
63,624
64,638
65,618
66,607
67,555
68,576
69,583
70,539
71,517
72,525
73,482
74,463
75,443
76,456
77,384
78,406
79,401
80,415
81,357
82,360
83,348
84,322
85,314
86,293
87,295
88,306
89,276
90,283
91,269
92,258
93,267
94,268
95,217
96,208
97,218
98,212
99,249
100,225
101,186
102,189
103,176
104,155
105,169
106,164
107,151
108,167
109,135
110,164
111,133
112,132
113,132
114,103
115,137
116,118
117,108
118,111
119,114
120,99
121,103
122,101
123,105
124,99
125,80
126,69
127,80
128,84
129,83
130,77
131,77
132,76
133,64
134,62
135,62
136,51
137,59
138,55
139,50
140,58
141,54
142,47
143,54
144,42
145,56
146,51
147,40
148,32
149,39
150,38
151,46
152,33
153,44
154,35
155,31
156,38
157,34
158,30
159,22
160,30
161,23
162,32
163,25
164,18
165,23
166,26
167,21
168,26
169,22
170,17
171,20
172,17
173,26
174,17
175,11
176,15
177,23
178,16
179,15
180,13
181,16
182,19
183,15
184,16
185,16
186,13
187,8
188,11
189,13
190,12
191,14
192,13
193,7
194,10
195,10
196,11
197,10
198,8
199,10
200,13
201,11
202,9
203,6
204,11
205,3
206,9
207,4
208,6
209,10
210,5
211,3
212,6
213,6
214,4
215,5
216,1
217,7
218,2
219,4
220,5
221,6
222,7
223,5
224,4
225,3
226,5
227,2
228,5
229,3
230,3
231,3
232,1
233,1
234,5
235,1
236,2
237,5
238,4
239,5
240,1
242,1
243,2
244,1
246,1
247,3
248,1
249,2
251,2
252,3
253,4
254,3
255,3
256,1
257,2
259,1
260,3
261,5
262,1
263,1
264,1
267,1
268,1
269,2
272,3
273,1
276,1
277,2
278,1
283,1
286,1
289,1
293,1
294,1
299,2
303,3
309,1
322,1
332,1
335,1
338,1
362,1
377,1
