7,3123
8,3133
9,1036
10,2359
11,2668
12,2947
13,3430
14,3701
15,3858
16,3967
17,4098
18,4178
19,4186
20,4235
21,4234
22,4161
23,4114
24,4015
25,3980
26,3932
27,3808
28,3659
29,3578
30,3505
31,3413
32,3430
33,3346
34,3173
35,3056
36,3021
37,2855
38,2742
39,2733
40,2611
41,2615
42,2613
43,2464
44,2366
45,2296
46,2258
47,2163
48,2092
49,2073
50,1958
51,1872
52,1842
53,1770
54,1724
55,1717
56,1659
57,1604
58,1570
59,1555
60,1468
61,1385
62,1395
63,1346
64,1269
65,1211
66,1145
67,1082
68,1077
69,1045
70,998
71,1027
72,1037
73,960
74,935
75,972
76,927
77,884
78,832
79,782
80,794
81,768
82,714
83,668
84,657
85,635
86,607
87,610
88,567
89,539
90,541
91,518
92,547
93,559
94,474
95,454
96,480
97,436
98,400
99,402
100,405
101,387
102,378
103,359
104,337
105,323
106,319
107,307
108,304
109,291
110,267
111,282
112,298
113,270
114,236
115,233
116,218
117,221
118,234
119,220
120,217
121,213
122,205
123,200
124,187
125,175
126,171
127,167
128,144
129,120
130,150
131,160
132,131
133,131
134,133
135,134
136,131
137,116
138,102
139,92
140,97
141,107
142,97
143,88
144,84
145,95
146,99
147,89
148,87
149,86
150,88
151,81
152,72
153,77
154,82
155,70
156,67
157,51
158,57
159,66
160,58
161,57
162,56
163,44
164,34
165,32
166,37
167,47
168,42
169,40
170,43
171,38
172,33
173,40
174,33
175,24
176,31
177,30
178,24
179,32
180,35
181,35
182,28
183,19
184,21
185,24
186,28
187,22
188,24
189,22
190,13
191,11
192,17
193,26
194,22
195,20
196,16
197,21
198,31
199,27
200,23
201,19
202,19
203,17
204,22
205,24
206,12
207,8
208,8
209,8
210,8
211,6
212,8
213,9
214,5
215,5
216,6
217,10
218,14
219,12
220,7
221,6
222,9
223,12
224,9
225,5
226,8
227,8
228,6
229,4
230,5
231,7
232,3
233,1
234,5
235,7
236,5
237,7
238,7
239,3
240,4
241,3
242,2
243,4
244,5
245,5
246,3
247,2
248,1
249,2
250,3
251,4
252,4
253,4
254,5
255,6
256,5
257,2
258,4
259,5
260,4
261,2
264,2
265,4
266,3
267,3
268,3
269,2
270,1
273,2
274,3
275,2
276,1
277,1
278,1
279,1
280,1
282,1
283,1
287,3
288,3
292,1
293,3
294,3
295,1
296,1
297,1
298,1
299,1
307,1
308,1
309,1
310,1
314,1
315,1
326,1
327,1
329,1
330,1
334,1
335,1
349,1
350,1
396,1
397,1


 now cross: 

8,3123
9,10
10,1026
11,1333
12,1335
13,1612
14,1818
15,1883
16,1975
17,1992
18,2106
19,2072
20,2114
21,2121
22,2113
23,2048
24,2066
25,1949
26,2031
27,1901
28,1907
29,1752
30,1826
31,1679
32,1734
33,1696
34,1650
35,1523
36,1533
37,1488
38,1367
39,1375
40,1358
41,1253
42,1362
43,1251
44,1213
45,1153
46,1143
47,1115
48,1048
49,1044
50,1029
51,929
52,943
53,899
54,871
55,853
56,864
57,795
58,809
59,761
60,794
61,674
62,711
63,684
64,662
65,607
66,604
67,541
68,541
69,536
70,509
71,489
72,538
73,499
74,461
75,474
76,498
77,429
78,455
79,377
80,405
81,389
82,379
83,335
84,333
85,324
86,311
87,296
88,314
89,253
90,286
91,255
92,263
93,284
94,275
95,199
96,255
97,225
98,211
99,189
100,213
101,192
102,195
103,183
104,176
105,161
106,162
107,157
108,150
109,154
110,137
111,130
112,152
113,146
114,124
115,112
116,121
117,97
118,124
119,110
120,110
121,107
122,106
123,99
124,101
125,86
126,89
127,82
128,85
129,59
130,61
131,89
132,71
133,60
134,71
135,62
136,72
137,59
138,57
139,45
140,47
141,50
142,57
143,40
144,48
145,36
146,59
147,40
148,49
149,38
150,48
151,40
152,41
153,31
154,46
155,36
156,34
157,33
158,18
159,39
160,27
161,31
162,26
163,30
164,14
165,20
166,12
167,25
168,22
169,20
170,20
171,23
172,15
173,18
174,22
175,11
176,13
177,18
178,12
179,12
180,20
181,15
182,20
183,8
184,11
185,10
186,14
187,14
188,8
189,16
190,6
191,7
192,4
193,13
194,13
195,9
196,11
197,5
198,16
199,15
200,12
201,11
202,8
203,11
204,6
205,16
206,8
207,4
208,4
209,4
210,4
211,4
212,2
213,6
214,3
215,2
216,3
217,3
218,7
219,7
220,5
221,2
222,4
223,5
224,7
225,2
226,3
227,5
228,3
229,3
230,1
231,4
232,3
234,1
235,4
236,3
237,2
238,5
239,2
240,1
241,3
243,2
244,2
245,3
246,2
247,1
248,1
250,2
251,1
252,3
253,1
254,3
255,2
256,4
257,1
258,1
259,3
260,2
261,2
265,2
266,2
267,1
268,2
269,1
270,1
274,2
275,1
276,1
278,1
280,1
283,1
288,3
293,1
294,2
295,1
297,1
299,1
308,1
310,1
315,1
327,1
330,1
335,1
350,1
397,1
